
ifplot =

     1


xmin =

   1.9895e-01


xmax =

   2.6195e-01

