
ans =

   362436069
           2


ans =

   4.2615e-01
   6.9473e-01
   7.4438e-01
   6.2851e-01
   6.6623e-01
   8.3395e-02
   1.2801e-01
   4.7211e-01
   3.0934e-02
   6.1265e-01
   8.8728e-01
   5.4022e-01
   5.7753e-01
   4.5682e-02
   3.3951e-01
   4.6965e-01
   8.9985e-01
   6.8519e-01
   6.9373e-01
   8.3114e-01
   9.0726e-01
   8.1339e-02
   4.0337e-02
   7.4155e-01
   2.3577e-01
   1.8495e-01
   3.2003e-01
   3.7508e-01
   6.3073e-02
   7.1732e-01
   3.6852e-01
   2.7314e-01
            0
            0
   2.2204e-16


m =

    50


n =

       20000


gam =

   2.5000e-03


k =

     2


sig =

     3


pmin =

   2.0000e-01


pmax =

   8.0000e-01


ans =

   2.1190e-01


ans =

   2.1224e-01


ells =

   7.2500e+00
   5.2500e+00


ans =

   1.0273e+01


ans =

     9


sig =

   3.0463e+00


sig =

   3.0463e+00


chk0 =

   5.2511e-17


err =

   5.0918e-01


err2 =

   5.0918e-01


rel_dif =

  -6.1224e-03


chk0 =

     0


chk0 =

     0

