
ifplot =

     0


m =

   500


k =

     1


nruns =

        1000


chk0 =

     6.661338147750939e-16


chk0 =

     0


chk0 =

     2.220446049250313e-16


chk0 =

     1.554312234475219e-15


chk0 =

     2.220446049250313e-16


chk0 =

     6.661338147750939e-16


chk0 =

     1.110223024625157e-15


chk0 =

     2.220446049250313e-16


chk0 =

     4.440892098500626e-16


chk0 =

     4.440892098500626e-16


chk0 =

     2.220446049250313e-16


chk0 =

     6.661338147750939e-16


chk0 =

     6.661338147750939e-16


chk0 =

     2.220446049250313e-16


chk0 =

     2.220446049250313e-16


chk0 =

     1.332267629550188e-15


chk0 =

     5.551115123125783e-16


chk0 =

     3.330669073875470e-16


chk0 =

     4.440892098500626e-16


chk0 =

     2.220446049250313e-16


chk0 =

     8.881784197001252e-16


chk0 =

     0


chk0 =

     2.220446049250313e-16


chk0 =

     2.220446049250313e-16


chk0 =

     4.440892098500626e-16


chk0 =

     1.110223024625157e-16


chk0 =

     1.554312234475219e-15


chk0 =

     4.440892098500626e-16


chk0 =

     2.220446049250313e-16


chk0 =

     2.220446049250313e-16


chk0 =

     1.110223024625157e-16


chk0 =

     0


chk0 =

     0


chk0 =

     4.440892098500626e-16


chk0 =

     1.110223024625157e-16


chk0 =

     1.776356839400250e-15


chk0 =

     4.440892098500626e-16


chk0 =

     1.110223024625157e-16


chk0 =

     5.551115123125783e-16


chk0 =

     6.661338147750939e-16


chk0 =

     6.661338147750939e-16


chk0 =

     8.881784197001252e-16


chk0 =

     8.881784197001252e-16


chk0 =

     4.440892098500626e-16


chk0 =

     2.220446049250313e-16


chk0 =

     1.110223024625157e-15


chk0 =

     0


chk0 =

     3.330669073875470e-16


chk0 =

     1.110223024625157e-16


chk0 =

     8.881784197001252e-16


chk0 =

     8.881784197001252e-16


chk0 =

     5.551115123125783e-16


chk0 =

     1.110223024625157e-16


chk0 =

     1.221245327087672e-15


chk0 =

     6.661338147750939e-16


chk0 =

     1.554312234475219e-15


chk0 =

     8.881784197001252e-16


chk0 =

     0


chk0 =

     5.551115123125783e-16


chk0 =

     0


chk0 =

     4.440892098500626e-16


chk0 =

     9.992007221626409e-16


chk0 =

     0


chk0 =

     1.110223024625157e-16


chk0 =

     1.110223024625157e-16


chk0 =

     6.661338147750939e-16


chk0 =

     0


chk0 =

     2.220446049250313e-16


chk0 =

     9.992007221626409e-16


chk0 =

     2.220446049250313e-16


chk0 =

     4.440892098500626e-16


chk0 =

     2.220446049250313e-16


chk0 =

     4.440892098500626e-16


chk0 =

     6.661338147750939e-16


chk0 =

     6.661338147750939e-16


chk0 =

     6.661338147750939e-16


chk0 =

     2.220446049250313e-16


chk0 =

     1.110223024625157e-16


chk0 =

     8.881784197001252e-16


chk0 =

     8.881784197001252e-16


chk0 =

     8.881784197001252e-16


chk0 =

     1.665334536937735e-15


chk0 =

     5.551115123125783e-16


chk0 =

     2.220446049250313e-16


chk0 =

     4.440892098500626e-16


chk0 =

     2.220446049250313e-16


chk0 =

     3.330669073875470e-16


chk0 =

     2.220446049250313e-16


chk0 =

     8.881784197001252e-16


chk0 =

     2.220446049250313e-16


chk0 =

     2.220446049250313e-16


chk0 =

     6.661338147750939e-16


chk0 =

     1.110223024625157e-16


chk0 =

     1.887379141862766e-15


chk0 =

     0


chk0 =

     2.220446049250313e-16


chk0 =

     4.440892098500626e-16


chk0 =

     6.661338147750939e-16


chk0 =

     6.661338147750939e-16


chk0 =

     1.110223024625157e-16


chk0 =

     8.881784197001252e-16


chk0 =

     2.220446049250313e-16


chk0 =

     1.332267629550188e-15


chk0 =

     2.220446049250313e-16


chk0 =

     4.440892098500626e-16


chk0 =

     1.110223024625157e-16


chk0 =

     2.220446049250313e-16


chk0 =

     4.440892098500626e-16


chk0 =

     4.440892098500626e-16


chk0 =

     3.330669073875470e-16


chk0 =

     4.440892098500626e-16


chk0 =

     5.551115123125783e-16


chk0 =

     0


chk0 =

     8.881784197001252e-16


chk0 =

     1.221245327087672e-15


chk0 =

     0


chk0 =

     2.220446049250313e-16


chk0 =

     1.110223024625157e-16


chk0 =

     0


chk0 =

     3.330669073875470e-16


chk0 =

     7.771561172376096e-16


chk0 =

     1.110223024625157e-15


chk0 =

     1.443289932012704e-15


chk0 =

     6.661338147750939e-16


chk0 =

     9.992007221626409e-16


chk0 =

     1.221245327087672e-15


chk0 =

     4.440892098500626e-16


chk0 =

     1.110223024625157e-15


chk0 =

     1.110223024625157e-16


chk0 =

     9.992007221626409e-16


chk0 =

     6.661338147750939e-16


chk0 =

     0


chk0 =

     2.220446049250313e-16


chk0 =

     4.440892098500626e-16


chk0 =

     1.110223024625157e-15


chk0 =

     0


chk0 =

     5.551115123125783e-16


chk0 =

     6.661338147750939e-16


chk0 =

     2.220446049250313e-16


chk0 =

     4.440892098500626e-16


chk0 =

     4.440892098500626e-16


chk0 =

     5.551115123125783e-16


chk0 =

     0


chk0 =

     6.661338147750939e-16


chk0 =

     5.551115123125783e-16


chk0 =

     2.220446049250313e-16


chk0 =

     3.330669073875470e-16


chk0 =

     6.661338147750939e-16


chk0 =

     8.881784197001252e-16


chk0 =

     8.881784197001252e-16


chk0 =

     1.110223024625157e-16


chk0 =

     5.551115123125783e-16


chk0 =

     5.551115123125783e-16


chk0 =

     9.992007221626409e-16


chk0 =

     6.661338147750939e-16


chk0 =

     2.220446049250313e-16


chk0 =

     1.110223024625157e-16


chk0 =

     2.220446049250313e-16


chk0 =

     2.220446049250313e-16


chk0 =

     2.220446049250313e-16


chk0 =

     8.881784197001252e-16


chk0 =

     7.771561172376096e-16


chk0 =

     1.110223024625157e-15


chk0 =

     4.440892098500626e-16


chk0 =

     7.771561172376096e-16


chk0 =

     3.330669073875470e-16


chk0 =

     9.992007221626409e-16


chk0 =

     4.440892098500626e-16


chk0 =

     4.440892098500626e-16


chk0 =

     6.661338147750939e-16


chk0 =

     1.110223024625157e-16


chk0 =

     6.661338147750939e-16


chk0 =

     6.661338147750939e-16


chk0 =

     0


chk0 =

     1.443289932012704e-15


chk0 =

     6.661338147750939e-16


chk0 =

     4.440892098500626e-16


chk0 =

     8.881784197001252e-16


chk0 =

     2.220446049250313e-16


chk0 =

     4.440892098500626e-16


chk0 =

     1.554312234475219e-15


chk0 =

     6.661338147750939e-16


chk0 =

     1.554312234475219e-15


chk0 =

     1.110223024625157e-16


chk0 =

     2.220446049250313e-16


chk0 =

     2.220446049250313e-16


chk0 =

     2.220446049250313e-16


chk0 =

     4.440892098500626e-16


chk0 =

     2.220446049250313e-16


chk0 =

     6.661338147750939e-16


chk0 =

     8.881784197001252e-16


chk0 =

     9.992007221626409e-16


chk0 =

     0


chk0 =

     8.881784197001252e-16


chk0 =

     4.440892098500626e-16


chk0 =

     6.661338147750939e-16


chk0 =

     8.881784197001252e-16


chk0 =

     0


chk0 =

     0


chk0 =

     2.220446049250313e-16


chk0 =

     1.332267629550188e-15


chk0 =

     6.661338147750939e-16


chk0 =

     8.881784197001252e-16


chk0 =

     6.661338147750939e-16


chk0 =

     2.220446049250313e-16


chk0 =

     2.220446049250313e-16


chk0 =

     1.221245327087672e-15


chk0 =

     2.220446049250313e-16


chk0 =

     7.771561172376096e-16


chk0 =

     0


chk0 =

     3.330669073875470e-16


chk0 =

     2.220446049250313e-16


chk0 =

     0


chk0 =

     6.661338147750939e-16


chk0 =

     2.220446049250313e-16


chk0 =

     7.771561172376096e-16


chk0 =

     3.330669073875470e-16


chk0 =

     1.221245327087672e-15


chk0 =

     4.440892098500626e-16


chk0 =

     4.440892098500626e-16


chk0 =

     2.220446049250313e-16


chk0 =

     4.440892098500626e-16


chk0 =

     6.661338147750939e-16


chk0 =

     9.992007221626409e-16


chk0 =

     2.220446049250313e-16


chk0 =

     7.771561172376096e-16


