
ifplot =

     1


xmin =

   6.4686e-01


xmax =

   9.5655e-01

