
ans =

   362436069
           2


ans =

   4.2615e-01
   6.9473e-01
   7.4438e-01
   6.2851e-01
   6.6623e-01
   8.3395e-02
   1.2801e-01
   4.7211e-01
   3.0934e-02
   6.1265e-01
   8.8728e-01
   5.4022e-01
   5.7753e-01
   4.5682e-02
   3.3951e-01
   4.6965e-01
   8.9985e-01
   6.8519e-01
   6.9373e-01
   8.3114e-01
   9.0726e-01
   8.1339e-02
   4.0337e-02
   7.4155e-01
   2.3577e-01
   1.8495e-01
   3.2003e-01
   3.7508e-01
   6.3073e-02
   7.1732e-01
   3.6852e-01
   2.7314e-01
            0
            0
   2.2204e-16


m =

        1200


gam =

   8.0000e-01


n =

        1500


k =

     3


sig =

     3


ells =

   2.7050e+01
   2.2050e+01
   1.9050e+01


ans =

   8.0000e+00
   3.1974e-14
  -8.0000e+00


ans =

   1.0000e+00 + 0.0000e+00i   5.2042e-18 + 1.4311e-17i   1.7347e-18 + 1.0408e-17i
   5.2042e-18 - 1.4311e-17i   1.0000e+00 + 0.0000e+00i  -1.6697e-17 + 3.4694e-18i
   1.7347e-18 - 1.0408e-17i  -1.6697e-17 - 3.4694e-18i   1.0000e+00 + 0.0000e+00i


imag1 =

   0.0000e+00 + 1.0000e+00i


alpr =

   1.4825e-01


betr =

   9.8895e-01


ans =

   1.0000e+00


ans =

   9.5800e+00
   9.5539e+00
   8.7108e+00
   8.8102e+00
   9.1350e+00
   8.7081e+00
   9.0190e+00
   8.9576e+00
   9.2081e+00
   9.0015e+00
   9.1445e+00
   9.8520e+00
   8.7899e+00
   9.0721e+00
   8.6432e+00
   8.7531e+00
   9.6582e+00
   8.7308e+00
   9.6308e+00
   8.6190e+00
   9.1103e+00
   8.7550e+00
   8.5501e+00
   9.3497e+00
   8.8321e+00
   8.8884e+00
   8.7749e+00
   9.0242e+00
   8.5691e+00
   9.8319e+00
   8.2024e+00
   8.9596e+00
   9.3955e+00
   9.1500e+00
   8.9794e+00
   9.0441e+00
   9.1076e+00
   9.2274e+00
   8.8627e+00
   8.5365e+00
   8.6493e+00
   8.9445e+00
   9.0772e+00
   8.8439e+00
   8.8586e+00
   8.8014e+00
   9.3778e+00
   9.0000e+00
   8.8216e+00
   9.0350e+00
   8.9459e+00
   8.5270e+00
   1.0089e+01
   9.2348e+00
   8.7295e+00
   9.0615e+00
   8.4893e+00
   9.3749e+00
   9.2677e+00
   8.5009e+00
   8.9807e+00
   9.1314e+00
   9.1312e+00
   9.0372e+00
   9.2787e+00
   8.8642e+00
   8.7105e+00
   8.5189e+00
   8.5301e+00
   9.1479e+00
   9.4890e+00
   8.7282e+00
   8.9571e+00
   9.1686e+00
   9.2068e+00
   8.6711e+00
   8.5048e+00
   8.8013e+00
   9.2401e+00
   8.5330e+00
   8.7223e+00
   9.2574e+00
   9.5221e+00
   8.4687e+00
   8.9115e+00
   9.0617e+00
   8.5658e+00
   8.6718e+00
   8.8094e+00
   9.1493e+00
   8.4814e+00
   9.4755e+00
   9.2145e+00
   8.6147e+00
   8.6821e+00
   9.3405e+00
   8.7433e+00
   9.2130e+00
   8.9415e+00
   9.1023e+00
   9.0506e+00
   8.1775e+00
   8.9619e+00
   9.2880e+00
   9.2429e+00
   8.9025e+00
   8.8393e+00
   8.6460e+00
   9.1100e+00
   8.3868e+00
   9.3340e+00
   9.1516e+00
   8.5465e+00
   8.7639e+00
   9.0820e+00
   8.5118e+00
   8.9481e+00
   9.2180e+00
   9.1646e+00
   8.9061e+00
   8.9127e+00
   9.1396e+00
   8.8905e+00
   8.6451e+00
   8.9881e+00
   8.4474e+00
   8.7581e+00
   9.0810e+00
   9.3678e+00
   8.5958e+00
   9.0627e+00
   9.5490e+00
   8.8710e+00
   9.3585e+00
   8.9659e+00
   9.0540e+00
   8.8880e+00
   8.7638e+00
   9.2005e+00
   8.8484e+00
   9.2944e+00
   9.2956e+00
   8.7684e+00
   9.2114e+00
   9.0262e+00
   9.1219e+00
   8.6423e+00
   9.0898e+00
   9.3138e+00
   8.8897e+00
   8.8381e+00
   9.4327e+00
   9.0778e+00
   8.4572e+00
   9.0319e+00
   9.0446e+00
   8.5180e+00
   9.4435e+00
   9.3969e+00
   9.1249e+00
   9.3588e+00
   9.2260e+00
   9.5020e+00
   9.1218e+00
   8.9608e+00
   8.8166e+00
   8.8831e+00
   8.7844e+00
   8.9757e+00
   8.5165e+00
   9.4322e+00
   9.2534e+00
   8.2902e+00
   9.5538e+00
   9.2964e+00
   8.5043e+00
   9.2344e+00
   9.1613e+00
   8.8800e+00
   9.1914e+00
   8.9050e+00
   9.5857e+00
   9.3747e+00
   9.0314e+00
   9.5432e+00
   9.5238e+00
   8.6265e+00
   8.8808e+00
   8.8594e+00
   9.1353e+00
   9.2165e+00
   9.0064e+00
   9.0689e+00
   8.6404e+00
   8.1669e+00
   8.6292e+00
   8.9752e+00
   9.6185e+00
   8.8364e+00
   9.5374e+00
   8.9185e+00
   8.8989e+00
   9.1957e+00
   8.6404e+00
   9.3286e+00
   8.6679e+00
   9.2552e+00
   9.4006e+00
   9.4462e+00
   9.2441e+00
   9.1792e+00
   8.2971e+00
   9.5058e+00
   8.9000e+00
   9.6838e+00
   9.0348e+00
   9.6192e+00
   8.7674e+00
   8.8937e+00
   8.8622e+00
   9.1039e+00
   8.6580e+00
   8.8683e+00
   9.3936e+00
   9.0956e+00
   9.1489e+00
   9.0934e+00
   9.5311e+00
   9.2355e+00
   9.1863e+00
   8.9448e+00
   9.1796e+00
   8.8270e+00
   8.5008e+00
   8.9560e+00
   8.3375e+00
   9.5346e+00
   8.7922e+00
   8.7952e+00
   9.0859e+00
   9.2135e+00
   9.8463e+00
   9.1072e+00
   8.7663e+00
   8.6450e+00
   9.1694e+00
   8.6781e+00
   9.3213e+00
   9.1594e+00
   8.8693e+00
   8.7159e+00
   8.2520e+00
   8.4348e+00
   9.5499e+00
   9.1585e+00
   9.6216e+00
   9.1073e+00
   9.1987e+00
   9.0276e+00
   9.0206e+00
   8.8222e+00
   8.7274e+00
   9.3719e+00
   9.7026e+00
   8.9403e+00
   8.5297e+00
   9.1356e+00
   8.8824e+00
   9.0977e+00
   8.8969e+00
   8.8411e+00
   8.8717e+00
   9.0063e+00
   8.0111e+00
   9.1892e+00
   8.9849e+00
   8.7462e+00
   8.9771e+00
   8.5215e+00
   8.6557e+00
   8.9503e+00
   9.3399e+00
   8.2885e+00
   8.9380e+00
   8.9285e+00
   9.1616e+00
   8.8224e+00
   9.0140e+00
   8.8882e+00
   9.2767e+00
   9.6375e+00
   8.8095e+00
   9.1187e+00
   8.9427e+00
   8.9811e+00
   8.5709e+00
   9.3515e+00
   9.2235e+00
   8.9179e+00
   8.7617e+00
   9.0294e+00
   9.1169e+00
   9.1064e+00
   8.4891e+00
   8.7591e+00
   9.0902e+00
   9.1627e+00
   8.8721e+00
   9.1514e+00
   8.7645e+00
   8.6882e+00
   8.7154e+00
   8.7811e+00
   8.8461e+00
   9.1521e+00
   9.3349e+00
   9.0766e+00
   9.0668e+00
   9.2535e+00
   8.9290e+00
   8.5129e+00
   9.0962e+00
   8.6903e+00
   8.5750e+00
   8.4591e+00
   8.4079e+00
   8.5886e+00
   8.7607e+00
   9.1466e+00
   9.5887e+00
   8.5724e+00
   8.5847e+00
   8.7246e+00
   8.9786e+00
   9.5838e+00
   9.1286e+00
   9.2026e+00
   8.7753e+00
   8.8068e+00
   9.3008e+00
   8.7002e+00
   9.3346e+00
   9.2566e+00
   8.9553e+00
   9.7703e+00
   9.9455e+00
   8.6820e+00
   8.9873e+00
   9.0606e+00
   9.8011e+00
   9.1884e+00
   9.2168e+00
   8.6342e+00
   8.8139e+00
   9.0408e+00
   8.9535e+00
   9.7033e+00
   9.3540e+00
   8.7116e+00
   9.2904e+00
   8.9444e+00
   9.0778e+00
   9.3741e+00
   9.2397e+00
   8.9479e+00
   8.7691e+00
   8.2047e+00
   9.1634e+00
   9.3302e+00
   9.4176e+00
   9.0767e+00
   8.4907e+00
   9.3219e+00
   9.1018e+00
   8.5637e+00
   9.8285e+00
   8.8166e+00
   8.9961e+00
   9.3445e+00
   9.1446e+00
   9.0058e+00
   9.2949e+00
   9.2125e+00
   8.8612e+00
   8.7174e+00
   9.3752e+00
   9.0940e+00
   9.1294e+00
   9.2129e+00
   8.8405e+00
   9.0325e+00
   8.7637e+00
   9.6988e+00
   8.6984e+00
   8.4203e+00
   9.7231e+00
   9.0016e+00
   8.9425e+00
   9.0690e+00
   8.6473e+00
   8.9291e+00
   8.4611e+00
   1.0005e+01
   8.7163e+00
   9.4701e+00
   9.4799e+00
   8.8761e+00
   9.3134e+00
   9.0630e+00
   8.5785e+00
   9.4011e+00
   9.3903e+00
   9.2197e+00
   9.0404e+00
   9.6542e+00
   8.8979e+00
   9.5864e+00
   9.0962e+00
   9.1434e+00
   8.2741e+00
   8.8534e+00
   8.7729e+00
   9.1419e+00
   8.9122e+00
   9.1945e+00
   8.3965e+00
   8.7872e+00
   8.8405e+00
   9.0590e+00
   9.0636e+00
   8.9305e+00
   8.7080e+00
   9.1664e+00
   9.0628e+00
   8.7042e+00
   8.7106e+00
   9.1718e+00
   8.6590e+00
   8.9941e+00
   9.6152e+00
   9.0311e+00
   9.2966e+00
   9.2882e+00
   9.1477e+00
   8.7766e+00
   9.1827e+00
   8.9439e+00
   8.7063e+00
   9.6307e+00
   8.6803e+00
   8.8772e+00
   8.5025e+00
   9.3556e+00
   8.8822e+00
   9.1812e+00
   9.1937e+00
   9.1996e+00
   8.5533e+00
   8.8389e+00
   8.7326e+00
   9.2925e+00
   9.9764e+00
   9.1768e+00
   9.4328e+00
   9.5040e+00
   8.5301e+00
   9.2238e+00
   8.7650e+00
   8.7399e+00
   9.2864e+00
   9.1997e+00
   9.0661e+00
   8.8586e+00
   8.9643e+00
   8.7030e+00
   9.0257e+00
   9.0689e+00
   8.8473e+00
   8.8610e+00
   8.7510e+00
   8.8046e+00
   9.2139e+00
   8.8941e+00
   8.8382e+00
   9.4352e+00
   8.9944e+00
   8.6751e+00
   9.0023e+00
   9.0896e+00
   8.5591e+00
   9.1686e+00
   9.2928e+00
