
ans =

   362436069
           2


ans =

   4.2615e-01
   6.9473e-01
   7.4438e-01
   6.2851e-01
   6.6623e-01
   8.3395e-02
   1.2801e-01
   4.7211e-01
   3.0934e-02
   6.1265e-01
   8.8728e-01
   5.4022e-01
   5.7753e-01
   4.5682e-02
   3.3951e-01
   4.6965e-01
   8.9985e-01
   6.8519e-01
   6.9373e-01
   8.3114e-01
   9.0726e-01
   8.1339e-02
   4.0337e-02
   7.4155e-01
   2.3577e-01
   1.8495e-01
   3.2003e-01
   3.7508e-01
   6.3073e-02
   7.1732e-01
   3.6852e-01
   2.7314e-01
            0
            0
   2.2204e-16


m =

   120


m2 =

    80


gam =

   8.0000e-01


n =

   150


k =

     2


sig =

     2


ells =

   5.5777e+00
   4.5777e+00


ans =

   1.0000e+00
  -1.0000e+00


ans =

   1.0000e+00  -2.4286e-17
  -2.4286e-17   1.0000e+00


imag1 =

   0.0000e+00 + 1.0000e+00i


alpr =

   3.3748e-01


betr =

   9.4133e-01


ans =

     1


chk0 =

   2.5753e-15


ans =

    80   120    20


ias =

  Columns 1 through 18

    20    10    13    16    15    16     4    16     3    10    18    11    13     7    14    14    12    10

  Columns 19 through 36

    20    12    14     4     4     3     8     8    10     1    10    11    12     9     9     1     3    11

  Columns 37 through 54

     1     7     8    10     1    13     5    10    18     9     3     2    18     8     8    12    15    18

  Columns 55 through 72

     4     1     5    13    14    11    12     3    13    12     3     4    16    18     4     6     6     1

  Columns 73 through 90

     9    17     7     5    14    19    20     9    19     3     6    16    17     3    13     8    19     4

  Columns 91 through 108

     2     1     9     6     9    11     7    18    13    20    15    20    13     2    16     6     4     2

  Columns 109 through 126

     7     6    15     3    11    15    12     9    14     4     5    12     1    12     3    14     3     7

  Columns 127 through 144

    12     8    18     7     2    20    13    16    20     9    19    13    16    11    11    13    15     9

  Columns 145 through 150

    13    20     8     7    14    10


chk0 =

  -1.1102e-16


ans =

   3.0867e+00


ans =

   3.1139e+00


chk0 =

   1.0025e-11


chk0 =

   3.4684e-15


chk0 =

   3.0999e-13

