
ifplot =

     1


xmin =

   3.5647e-01


xmax =

   4.7664e-01

