
ifplot =

     1


xmin =

   1.3654e-01


xmax =

   1.9868e-01

